6786
9065
4734
9798
8606
8783
9303
3908
9347
9352
7642
4991
2556
3891
159
5209
9112
9619
2963
7169
8146
5997
4165
1748
8637
129
7563
8705
9157
1478
1990
8591
3425
4389
8607
7256
8620
5612
7938
8050
7184
2863
2899
3653
9687
228
901
2158
7939
4040
5226
2755
8978
3162
9600
5239
5366
6611
3321
4351
6779
2421
5751
3708
1892
3038
8612
1602
1943
1250
3787
8293
9773
5817
4921
9970
1286
6458
8425
2005
1631
7846
9730
7560
5311
6259
9122
3794
3744
9092
7535
8579
9692
7102
9048
3349
9046
2694
6679
1176
812
5406
2260
9854
9770
8804
5081
1110
9778
9843
5996
5166
4605
2901
6330
4434
219
3483
9066
2824
9646
9541
7281
1757
4052
315
2926
9379
9718
2430
9925
2316
1906
5333
5699
6850
3882
2866
9129
824
9209
8396
9021
7305
1112
2447
4146
8530
3191
9772
7368
7440
200
9450
894
1523
6677
2213
3198
6395
1876
1582
1305
7277
6955
2575
8347
8595
5283
1147
4806
2718
5923
2034
4003
5634
9076
7940
801
9417
9144
6914
891
339
2496
3405
3516
5113
9235
6224
5144
8865
379
2274
2539
6044
6842
8478
1833
4915
9664
7792
279
7904
1524
3313
2523
7087
2403
1375
1393
9601
8911
9861
7701
6878
6599
6656
3114
9387
9660
9647
348
4804
5257
3449
1841
5815
6343
2286
6655
3664
2576
3356
3061
5216
8693
6174
7229
2883
5420
860
2444
1037
2299
8150
2626
6283
9127
4100
6768
5350
8601
553
2133
2080
7691
211
9910
8010
4821
4290
5832
2443
8386
5805
7602
6935
2361
2261
4134
625
8278
2024
3376
1822
209
8926
1570
2964
7107
4496
9701
7375
4686
9946
8479
6815
2352
6507
4885
6389
9111
3023
6216
4181
4196
7054
4994
8514
6740
9621
6835
2038
9298
8005
487
8181
9
9248
5329
7832
3637
3045
6376
6780
4717
6394
6249
7727
7823
5671
5090
2357
6424
8433
727
5251
112
4511
5325
7652
6410
9578
5831
4827
4889
6007
3003
8445
5605
141
2776
5011
2521
3256
5930
4954
5587
6155
3369
4489
5651
2029
1198
7352
1015
3841
9052
8415
5155
883
2233
2973
8191
1834
7316
7078
9488
2590
9003
9554
5307
6360
7471
2460
6453
46
2916
1130
9511
3936
4741
9006
6664
7840
7309
4600
7454
5565
2721
525
3243
670
9308
7164
2437
7982
9945
3541
6766
148
1679
8048
7769
3802
2929
5002
578
6832
757
3466
3311
1637
9153
6614
6846
1976
4720
6905
3365
9656
9912
4561
797
7462
1520
3157
1334
4273
1950
5808
2193
260
4032
3772
8440
8540
2304
9715
9868
8339
5462
1549
7619
3145
3097
234
8954
5137
2226
8809
2264
2211
7750
4235
2424
730
7400
5717
683
500
6777
7472
707
8933
7919
3478
2733
9056
7653
6879
4028
5135
4209
6691
3394
2958
495
5150
109
4407
2001
4833
7623
3055
7876
8972
6107
9627
3687
5933
9336
4464
7134
6623
4654
1548
2856
5611
